The actual displayed frequencies are:  [0, 0.5, 1.0, 1.5037593984962405, 2.0, 2.5, 3.0303030303030303, 3.508771929824561, 4.0, 4.545454545454546, 5.0, 5.555555555555555, 6.0606060606060606, 6.666666666666667, 7.142857142857143, 7.6923076923076925, 8.0, 8.695652173913043, 9.090909090909092, 9.523809523809524, 10.0, 10.526315789473685, 11.11111111111111, 11.764705882352942, 12.5, 12.5, 13.333333333333334, 14.285714285714286, 14.285714285714286, 15.384615384615385, 15.384615384615385, 16.666666666666668, 16.666666666666668, 16.666666666666668, 18.181818181818183, 18.181818181818183, 18.181818181818183, 20.0, 20.0, 20.0, 20.0, 22.22222222222222, 22.22222222222222, 22.22222222222222, 22.22222222222222, 25.0, 25.0, 25.0, 25.0, 25.0, 25.0, 28.571428571428573, 28.571428571428573, 28.571428571428573, 28.571428571428573, 28.571428571428573, 28.571428571428573, 28.571428571428573, 33.333333333333336, 33.333333333333336, 33.333333333333336]






=====================================================================================
		ROI_s_z = 200
=====================================================================================

Theoretical frequencies:  [ 0.   0.5  1.   1.5  2.   2.5  3.   3.5  4.   4.5  5.   5.5  6.   6.5
  7.   7.5  8.   8.5  9.   9.5 10.  10.5 11.  11.5 12.5 13.  14.  15.
 16.5 18.  20.  22.  25.  28.5 30. ]

PosNeg:  True

Please wait...     >>     Pattern creation completed (0.733 s)

The actual displayed frequencies are:  [0, 0.5, 1.0, 1.5037593984962405, 2.0, 2.5, 3.0303030303030303, 3.508771929824561, 4.0, 4.545454545454546, 5.0, 5.555555555555555, 6.0606060606060606, 6.666666666666667, 7.142857142857143, 7.6923076923076925, 8.0, 8.695652173913043, 9.090909090909092, 9.523809523809524, 10.0, 10.526315789473685, 11.11111111111111, 11.764705882352942, 12.5, 13.333333333333334, 14.285714285714286, 15.384615384615385, 16.666666666666668, 18.181818181818183, 20.0, 22.22222222222222, 25.0, 28.571428571428573, 33.333333333333336]






=====================================================================================
		ROI_s_z = 210
=====================================================================================


Theoretical frequencies:  [ 0.   0.5  1.   1.5  2.   2.5  3.   3.5  4.   4.5  5.   5.5  6.   6.5
  7.   7.5  8.   8.5  9.   9.5 10.  10.5 11.  11.5 12.  13.  14.  15.
 16.  17.5 19.  21.  23.  26.  30. ]

PosNeg:  True

Please wait...     >>     Pattern creation completed (0.724 s)

The actual displayed frequencies are:  [0, 0.5, 1.0, 1.5, 2.0, 2.5, 3.0, 3.5, 4.038461538461538, 4.565217391304348, 5.0, 5.526315789473684, 6.0, 6.5625, 7.0, 7.5, 8.076923076923077, 8.75, 9.130434782608695, 9.545454545454545, 10.0, 10.5, 11.052631578947368, 11.666666666666666, 12.352941176470589, 13.125, 14.0, 15.0, 16.153846153846153, 17.5, 19.09090909090909, 21.0, 23.333333333333332, 26.25, 30.0]